AND: 0.10546875
OR: 0.652374751984
