Largo <- c(7, 6, 18, 7, 18, 14, 12, 16, 14, 9, 18, 15, 14, 11, 15, 3, 4, 13, 21, 3, 8, 4, 5, 6, 9, 11, 10, 9, 21, 8, 10, 4, 24, 14, 5, 8, 10, 10, 11, 17, 9, 5, 14, 17, 13, 25, 23, 5, 5, 12, 8, 10, 8, 11, 24, 3, 13, 14, 7, 6, 7, 22, 14, 2, 9, 16, 7, 12, 5, 2, 16, 20, 9, 14, 7, 12, 4, 6, 10, 27, 13, 11, 5, 24, 22, 8, 23, 3, 8, 21, 26, 9, 4, 9, 3, 4, 12, 7, 7, 5, 17, 6, 12, 16, 6, 22, 3, 7, 7, 13, 6, 14, 7, 18, 7, 12, 24, 17, 25, 9, 10, 7, 9, 4, 7, 6, 7, 9, 3, 6, 5, 10, 28, 7, 8, 6, 15, 12, 10, 3, 12, 4, 3, 10, 8, 10, 9, 2, 4, 11, 17, 7, 6, 7, 6, 7, 18, 4, 12, 8, 8, 11, 6, 12, 15, 12, 11, 5, 10, 4, 6, 4, 17, 21, 10, 5, 15, 11, 15, 11, 9, 18, 18, 11, 7, 12, 14, 29, 10, 10, 6, 5, 13, 16, 8, 8, 14, 5, 24, 2, 5, 10, 9, 12, 10, 4, 9, 20, 4, 19, 9, 6, 6, 20, 15, 10, 12, 4, 9, 11, 16, 10, 21, 7, 24, 13, 8, 15, 12, 13, 7, 13, 5, 7, 6, 23, 12, 12, 11, 7, 9, 17, 18, 11, 23, 8, 4, 7, 10, 15, 12, 19, 12, 23, 9, 11, 21, 21, 19, 7, 10, 9, 8, 10, 8, 16, 12, 8, 7, 6, 15, 9, 2, 19, 4, 2, 8, 20, 27, 3, 13, 8, 7, 14, 18, 5, 12, 11, 11, 7, 8, 7, 3, 12, 24, 5, 22, 8, 2, 17, 10, 18, 21, 4, 9, 8, 15, 4, 14, 7, 15, 9, 13, 21, 12, 6, 5, 5, 16, 11, 2, 3, 5, 10, 11, 9, 26, 31, 3, 12, 4, 14, 13, 15, 7, 6, 12, 9, 2, 25, 9, 7, 9, 15, 22, 7, 23, 4, 22, 21, 7, 18, 8, 28, 7, 11, 3, 9, 24, 9, 17, 2, 10, 9, 7, 27, 11, 6, 11, 11, 14, 10, 15, 4, 12, 2, 9, 5, 12, 7, 19, 16, 7, 13)
Ranking <- c(1, 1, 1, 0, 1, 3, 0, 0, 2, 1, 0, 1, 0, 1, 1, 1, 1, 0, 0, 1, 1, 1, 1, 1, 1, 0, 1, 1, 3, 1, 1, 0, 0, 1, 1, 1, 2, 1, 0, 1, 1, 1, 1, 1, 1, 0, 0, 0, 1, 1, 0, 1, 0, 0, 0, 1, 0, 1, 1, 1, 0, 0, 1, 1, 1, 0, 1, 1, 1, 1, 10, 0, 2, 1, 0, 1, 0, 1, 0, 0, 1, 1, 1, 0, 1, 1, 0, 1, 1, 0, 0, 1, 1, 1, 1, 1, 1, 1, 1, 10, 0, 1, 1, 0, 3, 1, 0, 1, 1, 0, 1, 1, 1, 0, 2, 1, 1, 1, 2, 5, 1, 0, 1, 1, 1, 1, 5, 1, 1, 1, 0, 1, 0, 1, 0, 0, 1, 1, 1, 0, 1, 1, 1, 1, 1, 0, 1, 1, 1, 1, 1, 3, 1, 1, 1, 0, 0, 1, 1, 1, 1, 0, 2, 0, 1, 1, 1, 1, 1, 0, 7, 1, 0, 1, 1, 1, 0, 1, 1, 0, 1, 1, 1, 1, 1, 1, 0, 0, 1, 0, 1, 1, 1, 0, 0, 1, 1, 1, 0, 0, 1, 1, 1, 3, 1, 1, 4, 0, 1, 1, 0, 1, 1, 10, 1, 0, 1, 1, 5, 1, 1, 0, 4, 0, 0, 1, 1, 1, 1, 0, 0, 1, 1, 0, 7, 1, 0, 1, 0, 1, 1, 1, 0, 0, 0, 0, 1, 1, 1, 1, 1, 0, 2, 1, 1, 1, 1, 0, 1, 1, 1, 3, 1, 1, 1, 1, 1, 2, 1, 1, 0, 1, 1, 1, 1, 0, 1, 0, 6, 0, 1, 1, 1, 1, 0, 0, 2, 1, 1, 0, 1, 0, 1, 0, 3, 1, 1, 2, 1, 1, 1, 1, 0, 1, 1, 0, 1, 1, 1, 1, 4, 1, 1, 0, 1, 1, 2, 0, 0, 1, 2, 6, 1, 1, 2, 0, 0, 0, 1, 1, 0, 0, 1, 0, 0, 1, 1, 1, 0, 1, 10, 0, 0, 1, 1, 0, 1, 1, 1, 1, 1, 1, 0, 0, 0, 1, 1, 1, 1, 1, 1, 2, 1, 0, 0, 1, 1, 7, 3, 0, 1, 0, 1, 3, 2, 2, 1, 1, 1, 1, 1, 1, 1, 1)
df <- data.frame(Largo,Ranking)

## Use densCols() output to get density at each point
x <- densCols(Largo,Ranking, colramp=colorRampPalette(c("black", "white")))
df$dens <- col2rgb(x)[1,] + 1L

## Map densities to colors
cols <-  colorRampPalette(c("#000099", "#00FEFF", "#45FE4F", 
                            "#FCFF00", "#FF9400", "#FF3100"))(256)
df$col <- cols[df$dens]

## Plot it, reordering rows so that densest points are plotted on top
plot(Ranking~Largo, data=df[order(df$dens),], pch=20, col=col, cex=2)